8	8
46
LINE	12	581	150	600	393	8
CIRCLE	13	117	124	50	4	-1
LINE	14	118	176	139	434	4
LINE	15	120	211	26	287	4
LINE	16	123	212	199	296	4
LINE	17	138	436	51	518	4
LINE	18	141	435	208	519	4
CIRCLE	25	951	110	50	4	-1
LINE	26	952	162	973	420	4
LINE	27	954	197	860	273	4
LINE	28	957	198	1033	282	4
LINE	29	972	422	885	504	4
LINE	30	975	421	1042	505	4
CIRCLE	31	1135	96	50	4	-1
LINE	32	1136	148	1157	406	4
LINE	33	1138	183	1044	259	4
LINE	34	1141	184	1217	268	4
LINE	35	1156	408	1069	490	4
LINE	36	1159	407	1226	491	4
CIRCLE	74	301	139	50	4	-1
LINE	75	302	191	323	449	4
LINE	76	304	226	210	302	4
LINE	77	307	227	383	311	4
LINE	78	322	451	235	533	4
LINE	79	325	450	392	534	4
RECT	106	490	323	661	383	13	13
TRIANG	107	490	324	490	381	452	381	13	13
TRIANG	108	658	381	660	324	701	327	13	13
RECT	109	454	381	470	532	13	13
RECT	110	492	324	510	431	13	13
RECT	111	661	382	645	534	13	13
RECT	112	700	327	686	425	13	13
TRIANG	113	606	362	606	342	622	342	8	8
RECT	114	606	362	531	304	8	10
TRIANG	115	606	356	611	347	606	346	7	6
CIRCLE	116	570	335	9	8	7
CIRCLE	117	583	115	36	8	-1
LINE	119	600	391	544	449	8
LINE	120	601	392	633	447	8
LINE	121	584	209	531	253	8
LINE	122	586	209	667	210	8
TRIANG	180	665	194	670	194	674	179	8	8
TRIANG	181	665	193	668	180	674	180	8	8
CIRCLE	183	670	180	1	8	8
CIRCLE	184	671	178	4	8	8
RECT	190	665	194	680	213	8	8
