2	8
19
RECT	1	88	139	265	274	4	3
CIRCLE	2	317	445	102	4	3
LINE	3	382	121	704	386	4
CIRCLE	5	356	205	83	4	6
RECT	8	839	381	947	474	10	6
CIRCLE	9	111	333	90	10	6
LINE	10	921	271	1055	361	10
LINE	11	1055	202	1083	369	5
TRIANG	12	919	306	1048	350	1002	453	5	12
TRIANG	13	976	135	1092	148	1051	246	2	12
RECT	14	95	98	228	103	2	12
RECT	15	143	440	94	537	2	12
CIRCLE	16	417	361	102	2	12
TRIANG	17	478	108	372	106	366	205	4	6
LINE	18	476	107	521	283	2
TRIANG	24	592	145	757	222	623	317	4	12
TRIANG	26	601	311	766	388	632	483	4	12
TRIANG	27	624	214	789	291	655	386	4	12
CIRCLE	28	349	226	500	2	8
